97070577,1665482040903484,1,1,97070577,T,1349969046663243274,1000000022902753,1000000022932417,14894,1960,70
97070578,1665482040903486,1,1,97070578,T,1349969046663243274,1000000022902753,1000000022762468,14894,1960,90
97070579,1665482040903488,1,1,97070579,M,1349969046663243274,1000000023040111,14894,S,1960,3046
97070580,1665482040903489,1,1,97070580,T,1349969046663243274,1000000022902753,1000000023040111,14894,1960,1523
97070581,1665482040903491,1,1,97070581,T,1349969046663243274,1000000022902753,1000000023040881,14894,1960,1500
97070582,1665482040903493,1,1,97070582,M,1349969046663243274,1000000023041040,14894,S,1960,1678
97070583,1665482040903494,1,1,97070583,T,1349969046663243274,1000000022902753,1000000023041040,14894,1960,839
97070584,1665482040903496,1,1,97070584,T,1349969046663243274,1000000022902753,1000000023052179,14894,1960,494
97070585,1665482040903498,1,1,97070585,T,1349969046663243274,1000000022902753,1000000023055065,14894,1960,484
97070586,1665482040903500,1,1,97070586,N,1349969046665208997,1000000023100739,10755,S,29615,10
97070587,1665482040903501,1,1,97070587,M,1349969046665290795,1000000022948747,10755,S,29695,8
97070588,1665482040903503,1,1,97070588,M,1349969046665366705,1000000022883474,10755,S,29695,44
97070589,1665482040903504,1,1,97070589,M,1349969046665449230,1000000023100429,10755,S,29665,128
97070590,1665482040903505,1,1,97070590,M,1349969046665455218,1000000023100739,10755,S,23670,10
97070591,1665482040903506,1,1,97070591,T,1349969046665455218,1000000023100716,1000000023100739,10755,29605,10
97070592,1665482040903513,1,1,97070592,M,1349969046665542104,1000000022898235,10755,S,29850,108
97070593,1665482040903515,1,1,97070593,T,1349969046665666420,1000000023100640,0,685,71885,1
97070594,1665482040903517,1,1,97070594,M,1349969046665666420,1000000023096366,685,B,71875,76
97070595,1665482040903518,1,1,97070595,T,1349969046665666420,1000000023096366,0,685,71875,76
97070596,1665482040903519,1,1,97070596,T,1349969046665666420,1000000023033474,0,685,71870,6
97070597,1665482040903521,1,1,97070597,T,1349969046665666420,1000000023033407,0,685,71870,24
97070598,1665482040903522,1,1,97070598,X,1349969046665765793,1000000023100653,685,B,71860,10
97070599,1665482040903523,1,1,97070599,M,1349969046665767957,1000000023070272,685,S,71975,68
97070600,1665482040903524,1,1,97070600,N,1349969046665770619,1000000023100741,685,S,71965,12
97070601,1665482040903525,1,1,97070601,N,1349969046665772440,1000000023100742,685,B,71840,10
97070602,1665482040903527,1,1,97070602,M,1349969046665777095,1000000022834557,685,S,71905,28
97070603,1665482040903528,1,1,97070603,N,1349969046665780583,1000000023100743,685,B,71765,12
97070604,1665482040903529,1,1,97070604,M,1349969046665797819,1000000022896778,685,S,71945,42
97070605,1665482040903531,1,1,97070605,X,1349969046665823142,1000000023089784,685,S,71900,23
97070606,1665482040903532,1,1,97070606,M,1349969046665840083,1000000023026774,685,B,71825,37
97070607,1665482040903533,1,1,97070607,N,1349969046665860140,1000000023100744,685,B,71840,12
97070608,1665482040903546,1,1,97070608,N,1349969046665869052,1000000023100745,685,S,71895,12
97070609,1665482040903547,1,1,97070609,X,1349969046665892334,1000000023100741,685,S,71965,12
97070610,1665482040903549,1,1,97070610,N,1349969046665930782,1000000023100746,685,S,71895,69
97070611,1665482040903550,1,1,97070611,N,1349969046665986160,1000000023100747,685,B,71830,52
97070612,1665482040903551,1,1,97070612,X,1349969046666009992,1000000023033407,685,B,71870,3
97070613,1665482040903553,1,1,97070613,N,1349969046666013129,1000000023100748,685,S,71895,21
97070614,1665482040903554,1,1,97070614,M,1349969046666019889,1000000021502289,685,S,72160,1244
97070615,1665482040903555,1,1,97070615,N,1349969046666057047,1000000023100749,685,S,71900,23
97070616,1665482040903556,1,1,97070616,M,1349969046666080753,1000000023025341,685,S,71935,37
97070617,1665482040903558,1,1,97070617,X,1349969046666086689,1000000023089570,685,B,71835,11
97070618,1665482040903559,1,1,97070618,M,1349969046666089482,1000000023070272,685,S,71955,68
97070619,1665482040903560,1,1,97070619,M,1349969046666094821,1000000022896778,685,S,71930,42
97070620,1665482040903562,1,1,97070620,M,1349969046666114877,1000000023042881,685,S,71910,11
97070621,1665482040903563,1,1,97070621,X,1349969046666162863,1000000023072979,685,B,71835,35
97070622,1665482040903564,1,1,97070622,X,1349969046666167857,1000000023073371,685,B,71835,9
97070623,1665482040903566,1,1,97070623,N,1349969046666190505,1000000023100750,685,B,71820,11
97070624,1665482040903570,1,1,97070624,M,1349969046666223633,1000000021502289,685,S,72150,1244
97070625,1665482040903571,1,1,97070625,X,1349969046666235683,1000000023100744,685,B,71840,12
97070626,1665482040903573,1,1,97070626,N,1349969046666279562,1000000023100751,685,B,71765,18
97070627,1665482040903574,1,1,97070627,N,1349969046667547536,1000000023100752,10755,S,26630,25
97070628,1665482040903575,1,1,97070628,T,1349969046667547536,1000000023100716,1000000023100752,10755,29605,2
97070629,1665482040903577,1,1,97070629,T,1349969046667547536,1000000023100723,1000000023100752,10755,29605,8
97070630,1665482040903579,1,1,97070630,T,1349969046667547536,1000000023100725,1000000023100752,10755,29605,8
97070631,1665482040903580,1,1,97070631,T,1349969046667547536,1000000023100426,1000000023100752,10755,29600,7
97070632,1665482040903582,1,1,97070632,M,1349969046667664863,1000000022842150,10755,S,29750,37
97070633,1665482040903583,1,1,97070633,X,1349969046668223535,1000000023091134,547,S,374680,1000
97070634,1665482040905474,1,1,97070634,N,1349969046670996026,1000000023100753,4668,S,13020,29250
97070635,1665482040907346,1,1,97070635,M,1349969046672869867,1000000023099994,5900,B,77995,4800
97070636,1665482040908249,1,1,97070636,X,1349969046673775194,1000000023097129,404,B,61340,2200
97070637,1665482040908837,1,1,97070637,X,1349969046674363233,1000000023097130,404,B,61400,2200
97070638,1665482040909368,1,1,97070638,X,1349969046674894081,1000000023097131,404,B,61470,2200
97070639,1665482040910677,1,1,97070639,X,1349969046676201690,1000000023100438,6994,B,28050,2600
97070640,1665482040910734,1,1,97070640,M,1349969046676258245,1000000023099904,11343,S,121025,5
97070641,1665482040910737,1,1,97070641,M,1349969046676260604,1000000023099905,11343,S,120965,1
97070642,1665482040910743,1,1,97070642,M,1349969046676262580,1000000023099903,11343,S,121025,5
97070643,1665482040910809,1,1,97070643,M,1349969046676335088,1000000023099988,11343,S,121000,4
97070644,1665482040910878,1,1,97070644,M,1349969046676404551,1000000023099988,11343,S,121020,4
97070645,1665482040911354,1,1,97070645,M,1349969046676876788,1000000000074843,19133,S,2800,1333
97070646,1665482040911746,1,1,97070646,M,1349969046677271879,1000000023100703,10755,S,29645,3
97070647,1665482040911795,1,1,97070647,T,1349969046677308845,0,1000000023080901,13587,28700,2
97070648,1665482040911822,1,1,97070648,M,1349969046677347017,1000000023100429,10755,S,29645,128
97070649,1665482040911827,1,1,97070649,M,1349969046677349322,1000000023100724,10755,S,29645,8
97070650,1665482040911833,1,1,97070650,M,1349969046677357214,1000000023100726,10755,S,29645,8
97070651,1665482040911873,1,1,97070651,N,1349969046677397219,1000000023100755,13587,S,28700,2
97070652,1665482040911908,1,1,97070652,M,1349969046677434181,1000000023100429,10755,S,29665,128
97070653,1665482040912227,1,1,97070653,T,1349969046677743662,0,1000000023081080,11373,26860,25
97070654,1665482040947102,1,1,97070654,M,1349969046679945263,1000000023055904,6006,S,32350,12
97070655,1665482040947108,1,1,97070655,N,1349969046680025261,1000000023100757,6006,S,32315,17
97070656,1665482040947109,1,1,97070656,M,1349969046680035488,1000000023020865,12034,S,5000,59
97070657,1665482040947111,1,1,97070657,M,1349969046680043144,1000000023090639,6006,B,32160,8
97070658,1665482040947112,1,1,97070658,M,1349969046680045912,1000000023091585,6006,S,32345,4
97070659,1665482040947113,1,1,97070659,M,1349969046680104302,1000000022803305,6006,S,32310,26
97070660,1665482040947114,1,1,97070660,M,1349969046680106438,1000000022918480,6006,S,32310,53
97070661,1665482040947116,1,1,97070661,M,1349969046680124709,1000000023036441,350,S,286490,1
97070662,1665482040947117,1,1,97070662,M,1349969046680143152,1000000023074679,11798,B,49655,11
97070663,1665482040947118,1,1,97070663,M,1349969046680173651,1000000023091585,6006,S,32315,4
97070664,1665482040947121,1,1,97070664,X,1349969046680197716,1000000023091482,6006,S,32360,7
97070665,1665482040947122,1,1,97070665,X,1349969046680200273,1000000023091481,6006,S,32360,7
97070666,1665482040947123,1,1,97070666,M,1349969046680224758,1000000022955506,11798,S,50155,36
97070667,1665482040947124,1,1,97070667,M,1349969046680230614,1000000023078423,11798,B,49660,28
97070668,1665482040947125,1,1,97070668,M,1349969046680272057,1000000022803305,6006,S,32345,15
97070669,1665482040947126,1,1,97070669,X,1349969046680289156,1000000023091585,6006,S,32315,4
97070670,1665482040947133,1,1,97070670,M,1349969046680314512,1000000023052798,11798,S,50150,28
97070671,1665482040947134,1,1,97070671,M,1349969046680361595,1000000022918480,6006,S,32340,53
97070672,1665482040947135,1,1,97070672,M,1349969046680363610,1000000022803305,6006,S,32310,20
97070673,1665482040947136,1,1,97070673,M,1349969046680441089,1000000022918480,6006,S,32310,53
97070674,1665482040947139,1,1,97070674,X,1349969046681169162,1000000023095273,6006,B,32145,10
97070675,1665482040947140,1,1,97070675,M,1349969046681751001,1000000021837795,16675,B,166110,150
97070676,1665482040947142,1,1,97070676,M,1349969046682888307,1000000023087766,6066,S,317570,9
97070677,1665482040947143,1,1,97070677,T,1349969046682888307,0,1000000023087766,6066,317570,7
97070678,1665482040947145,1,1,97070678,M,1349969046690029048,1000000004596708,6066,B,315070,22
97070679,1665482040947146,1,1,97070679,M,1349969046690059899,1000000005711012,6066,B,315370,15
97070680,1665482040947147,1,1,97070680,M,1349969046690088322,1000000007180552,6066,B,314570,18
97070681,1665482040947148,1,1,97070681,M,1349969046690113500,1000000004596709,6066,S,320070,22
97070682,1665482040947149,1,1,97070682,M,1349969046690125192,1000000005711013,6066,S,319770,15
97070683,1665482040947151,1,1,97070683,M,1349969046690154371,1000000007180553,6066,S,321070,18
97070684,1665482040947153,1,1,97070684,X,1349969046690979689,1000000006574435,14597,S,32485,20
97070685,1665482040947154,1,1,97070685,N,1349969046698087422,1000000023100759,15184,S,49590,15
97070686,1665482040947160,1,1,97070686,M,1349969046703264395,1000000022935932,2049,S,23350,700
97070687,1665482040947162,1,1,97070687,M,1349969046703347555,1000000023037088,2049,B,23325,1
97070688,1665482040947163,1,1,97070688,N,1349969046703350768,1000000023100760,2049,B,23325,21
97070689,1665482040947165,1,1,97070689,M,1349969046703352935,1000000023064552,2049,S,23370,84
97070690,1665482040947166,1,1,97070690,M,1349969046703444998,1000000023064551,2049,S,23365,63
97070691,1665482040947169,1,1,97070691,N,1349969046703582209,1000000023100761,2049,B,23345,10
97070692,1665482040947170,1,1,97070692,M,1349969046705054962,1000000023099906,11343,S,121045,1
97070693,1665482040947172,1,1,97070693,X,1349969046705060679,1000000023091580,6006,S,32475,1
97070694,1665482040947173,1,1,97070694,N,1349969046706578703,1000000023100762,6994,S,28425,350
97070695,1665482040947174,1,1,97070695,M,1349969046709898088,1000000023099713,5900,B,77960,6000
97070696,1665482040947175,1,1,97070696,N,1349969046710034965,1000000023100763,11155,B,46300,2
97070697,1665482040947176,1,1,97070697,T,1349969046712496724,1000000023100764,1000000023096520,3149,56985,1
97070698,1665482040947178,1,1,97070698,N,1349969046712590731,1000000023100765,3149,S,57010,6
97070699,1665482040947181,1,1,97070699,M,1349969046712673622,1000000023098040,3149,S,56985,24
97070700,1665482040947224,1,1,97070700,M,1349969046712748697,1000000023100765,3149,S,57000,6
97070701,1665482040947297,1,1,97070701,M,1349969046712820062,1000000023098039,3149,B,56925,32
97070702,1665482040947378,1,1,97070702,M,1349969046712903067,1000000023099985,3149,B,56420,110
97070703,1665482040947394,1,1,97070703,N,1349969046712912018,1000000023100766,383,S,10265,6
97070704,1665482040947400,1,1,97070704,M,1349969046712912018,1000000023100766,383,S,10265,59
97070705,1665482040947402,1,1,97070705,T,1349969046712912018,1000000023085526,1000000023100766,383,10265,59
97070706,1665482040947472,1,1,97070706,M,1349969046712995467,1000000023096531,383,S,10285,124
97070707,1665482040947564,1,1,97070707,M,1349969046713088133,1000000023084285,383,B,10265,88
97070708,1665482040949288,1,1,97070708,N,1349969046714810685,1000000023100767,11373,B,26855,3
97070709,1665482040950657,1,1,97070709,M,1349969046716166408,1000000022965369,24403,S,15885,55
97070710,1665482040950662,1,1,97070710,T,1349969046716166408,1000000023098915,1000000022965369,24403,15885,50
97070711,1665482040950746,1,1,97070711,N,1349969046716271010,1000000023100768,24403,B,15820,114
97070712,1665482040950755,1,1,97070712,M,1349969046716280525,1000000023085236,24403,B,15835,194
97070713,1665482040950771,1,1,97070713,M,1349969046716297678,1000000023081800,24403,S,15880,56
97070714,1665482040950833,1,1,97070714,M,1349969046716358742,1000000023081803,24403,S,15920,200
97070715,1665482040950912,1,1,97070715,M,1349969046716437860,1000000023090706,24403,S,16040,114
97070716,1665482040950987,1,1,97070716,M,1349969046716513179,1000000023085236,24403,B,15865,195
97070717,1665482040950997,1,1,97070717,M,1349969046716522276,1000000023081803,24403,S,15925,195
97070718,1665482040951008,1,1,97070718,M,1349969046716532694,1000000023081800,24403,S,15895,227
97070719,1665482040951067,1,1,97070719,M,1349969046716592822,1000000023100768,24403,B,15835,114
97070720,1665482040951076,1,1,97070720,M,1349969046716601207,1000000023085531,24403,B,15870,16
97070721,1665482040951152,1,1,97070721,M,1349969046716675698,1000000023085531,24403,B,15860,16
97070722,1665482040951157,1,1,97070722,M,1349969046716677933,1000000023074809,24403,B,15875,80
97070723,1665482040951229,1,1,97070723,M,1349969046716755967,1000000023085531,24403,B,15870,16
97070724,1665482040952282,1,1,97070724,N,1349969046717803553,1000000023100769,637,B,31700,60
97070725,1665482040953302,1,1,97070725,X,1349969046718828637,1000000023100346,17279,B,27950,12
97070726,1665482040953313,1,1,97070726,X,1349969046718839317,1000000023100347,17279,B,27935,12
97070727,1665482040953325,1,1,97070727,X,1349969046718851472,1000000023100348,17279,B,27920,12
97070728,1665482040953331,1,1,97070728,X,1349969046718858924,1000000023100349,17279,B,27905,12
97070729,1665482040953345,1,1,97070729,X,1349969046718872020,1000000023100350,17279,B,27890,12
97070730,1665482040953364,1,1,97070730,X,1349969046718890011,1000000023100351,17279,B,27875,12
97070731,1665482040953368,1,1,97070731,X,1349969046718892510,1000000023100352,17279,B,27860,12
97070732,1665482040953373,1,1,97070732,X,1349969046718894453,1000000023100353,17279,B,27845,12
97070733,1665482040953378,1,1,97070733,X,1349969046718895943,1000000023100354,17279,B,27830,12
97070734,1665482040953383,1,1,97070734,X,1349969046718904418,1000000023100380,17279,B,27815,19
97070735,1665482040953489,1,1,97070735,X,1349969046719014261,1000000023100177,15254,S,154915,2
97070736,1665482040953495,1,1,97070736,X,1349969046719017931,1000000023100178,15254,S,154975,2
97070737,1665482040953499,1,1,97070737,X,1349969046719020908,1000000023100179,15254,S,155035,2
97070738,1665482040953505,1,1,97070738,X,1349969046719026677,1000000023100183,15254,S,154855,2
97070739,1665482040953566,1,1,97070739,N,1349969046719091273,1000000023100770,15254,S,154595,104
97070740,1665482040953573,1,1,97070740,N,1349969046719097151,1000000023100771,15254,S,154690,1
97070741,1665482040953578,1,1,97070741,M,1349969046719099497,1000000019504515,15254,S,155595,63
97070742,1665482040953598,1,1,97070742,M,1349969046719123619,1000000022287800,15254,S,155595,63
97070743,1665482040953620,1,1,97070743,X,1349969046719143196,1000000022642042,5378,S,63925,3
97070744,1665482040953627,1,1,97070744,X,1349969046719149762,1000000022735964,5378,S,63835,1
97070745,1665482040953632,1,1,97070745,X,1349969046719151725,1000000022053713,5378,S,64075,8
97070746,1665482040953636,1,1,97070746,X,1349969046719153450,1000000022579392,5378,S,63955,3
97070747,1665482040953642,1,1,97070747,X,1349969046719156944,1000000022668921,5378,S,63895,1
97070748,1665482040953647,1,1,97070748,X,1349969046719170637,1000000022668925,5378,S,63865,1
97070749,1665482040953652,1,1,97070749,X,1349969046719174474,1000000022183728,5378,S,63985,9
97070750,1665482040953657,1,1,97070750,X,1349969046719184535,1000000022957101,14501,B,311125,2
97070751,1665482040953663,1,1,97070751,X,1349969046719188433,1000000022759076,14501,B,311285,2
97070752,1665482040953668,1,1,97070752,X,1349969046719190471,1000000022696927,14501,B,310565,2
97070753,1665482040953681,1,1,97070753,X,1349969046719206505,1000000023100016,15254,B,154420,1
97070754,1665482040953704,1,1,97070754,X,1349969046719231375,1000000023099879,15254,B,154425,1
97070755,1665482040953710,1,1,97070755,X,1349969046719234294,1000000022696947,14501,B,310645,2
97070756,1665482040953714,1,1,97070756,M,1349969046719236445,1000000023088671,15254,S,154595,12
97070757,1665482040953719,1,1,97070757,X,1349969046719238382,1000000022987960,14501,B,311205,2
97070758,1665482040953724,1,1,97070758,M,1349969046719241617,1000000023099749,15254,S,154675,1
97070759,1665482040953729,1,1,97070759,X,1349969046719246795,1000000023097346,15254,S,154670,1
97070760,1665482040953736,1,1,97070760,X,1349969046719251252,1000000022678976,14501,B,310485,2
97070761,1665482040953739,1,1,97070761,X,1349969046719255773,1000000022708329,14501,B,310805,2
97070762,1665482040953745,1,1,97070762,M,1349969046719259838,1000000023065300,15254,B,154255,2
97070763,1665482040953791,1,1,97070763,M,1349969046719317254,1000000023065301,15254,S,155405,32
97070764,1665482040953798,1,1,97070764,M,1349969046719322638,1000000022941281,14501,B,311205,8
97070765,1665482040953803,1,1,97070765,M,1349969046719328136,1000000022726071,14501,S,311995,6
97070766,1665482040956221,1,1,97070766,N,1349969046721741465,1000000023100772,236,S,329325,10
97070767,1665482040956301,1,1,97070767,N,1349969046721825606,1000000023100773,236,B,329135,2
97070768,1665482040991099,1,1,97070768,N,1349969046724950482,1000000023100774,8833,B,3880,15
97070769,1665482040991105,1,1,97070769,T,1349969046724950482,1000000023100774,1000000023100205,8833,3880,15
97070770,1665482040991107,1,1,97070770,X,1349969046725130508,1000000023032408,263,B,866525,23
97070771,1665482040991108,1,1,97070771,M,1349969046725548785,1000000023100504,157,B,427310,2
97070772,1665482040991110,1,1,97070772,N,1349969046725554915,1000000023100775,422,B,77380,12
97070773,1665482040991111,1,1,97070773,M,1349969046725558345,1000000023095128,163,B,26730,148
97070774,1665482040991112,1,1,97070774,M,1349969046725570709,1000000022974351,1270,B,49990,59
97070775,1665482040991115,1,1,97070775,M,1349969046725598520,1000000022974352,1270,S,50055,59
97070776,1665482040991117,1,1,97070776,M,1349969046725627801,1000000023093073,157,B,427315,1
97070777,1665482040991119,1,1,97070777,M,1349969046725654990,1000000022691323,1270,B,49975,752
97070778,1665482040991121,1,1,97070778,M,1349969046725704169,1000000023100504,157,B,427320,2
97070779,1665482040991122,1,1,97070779,M,1349969046725737299,1000000022865555,1270,S,50060,40
97070780,1665482040991123,1,1,97070780,M,1349969046725782318,1000000023093073,157,B,427325,1
97070781,1665482040991124,1,1,97070781,M,1349969046725869270,1000000022974351,1270,B,49985,59
97070782,1665482040991125,1,1,97070782,M,1349969046725871574,1000000022974352,1270,S,50050,59
97070783,1665482040991126,1,1,97070783,M,1349969046725945878,1000000022765480,1270,B,49965,1788
97070784,1665482040991131,1,1,97070784,X,1349969046726682914,1000000023100125,21508,S,50800,348
97070785,1665482040991133,1,1,97070785,X,1349969046726685150,1000000023100127,21508,S,50800,348
97070786,1665482040991134,1,1,97070786,M,1349969046733849510,1000000003086281,157,S,427500,100
97070787,1665482040991135,1,1,97070787,M,1349969046734623723,1000000023045277,10217,S,314745,15
97070788,1665482040991137,1,1,97070788,M,1349969046734705045,1000000023087928,10217,S,314990,2
97070789,1665482040991138,1,1,97070789,M,1349969046734708646,1000000023082259,10217,B,314505,32
97070790,1665482040991139,1,1,97070790,X,1349969046734711176,1000000023100513,10217,B,314670,1
97070791,1665482040991141,1,1,97070791,M,1349969046734713212,1000000023087929,10217,S,314990,2
97070792,1665482040991142,1,1,97070792,M,1349969046734718335,1000000023100488,10217,S,314925,7
97070793,1665482040991143,1,1,97070793,M,1349969046734802189,1000000023082260,10217,S,314920,32
97070794,1665482040991145,1,1,97070794,M,1349969046734809148,1000000022864138,10217,S,315395,31
97070795,1665482040991146,1,1,97070795,N,1349969046734879779,1000000023100776,10217,B,314640,1
97070796,1665482040991148,1,1,97070796,M,1349969046734882376,1000000023100488,10217,S,314915,7
97070797,1665482040991149,1,1,97070797,M,1349969046734895862,1000000023087930,10217,S,314915,1
97070798,1665482040991152,1,1,97070798,M,1349969046734955698,1000000023082260,10217,S,314910,32
97070799,1665482040991153,1,1,97070799,M,1349969046735029150,1000000023100488,10217,S,314905,7
97070800,1665482040991158,1,1,97070800,M,1349969046735098659,1000000023082260,10217,S,314900,32
97070801,1665482040991161,1,1,97070801,M,1349969046735172878,1000000023087930,10217,S,314895,1
97070802,1665482040991162,1,1,97070802,M,1349969046735242508,1000000023082260,10217,S,314890,32
97070803,1665482040991163,1,1,97070803,N,1349969046735944680,1000000023100777,317,S,721205,625
97070804,1665482040991164,1,1,97070804,X,1349969046738172586,1000000023100629,317,S,721455,500
97070805,1665482040991166,1,1,97070805,M,1349969046739984018,1000000023098776,21174,S,123120,1
97070806,1665482040991167,1,1,97070806,M,1349969046739984018,1000000023098776,21174,S,123120,9
